#1
#Temperature	0	20	40	60	80
#OilViscosity	39.4	39.4	18	9.7	6
#1					
double tab1(10,6) # 100degC 4.1e-6m^2/s, 1st column : Angular Velocity [rpm], 1st row : Line Pressure [kPa]					
0	0	500	1000	1800	3000
500	2.2	2.2	2.2	2.2	2.2	
1000	2.2	2.2	2.2	2.2	2.2	
1500	2.2	2.2	2.2	2.2	2.2	
2000	2.2	2.2	2.2	2.2	2.2	
2500	2.2	2.2	2.2	2.2	2.2	
3000	2.2	2.2	2.2	2.2	2.2	
5000	2.2	2.2	2.2	2.2	2.2	
6000	2.2	2.2	2.2	2.2	2.2	
7000	2.2	2.2	2.2	2.2	2.2	
					
double tab2(10,6) # 80degC 6.0e-6m^2/s					
0	0	500	1000	1800	3000
500	2.2	2.2	2.2	2.2	2.2	
1000	2.2	2.2	2.2	2.2	2.2	
1500	2.2	2.2	2.2	2.2	2.2	
2000	2.2	2.2	2.2	2.2	2.2	
2500	2.2	2.2	2.2	2.2	2.2	
3000	2.2	2.2	2.2	2.2	2.2	
5000	2.2	2.2	2.2	2.2	2.2	
6000	2.2	2.2	2.2	2.2	2.2	
7000	2.2	2.2	2.2	2.2	2.2	
					
double tab3(10,6) # 60degC 9.7e-6m^2/s					
0	0	500	1000	1800	3000
500	2.2	2.2	2.2	2.2	2.2	
1000	2.2	2.2	2.2	2.2	2.2	
1500	2.2	2.2	2.2	2.2	2.2	
2000	2.2	2.2	2.2	2.2	2.2	
2500	2.2	2.2	2.2	2.2	2.2	
3000	2.2	2.2	2.2	2.2	2.2	
5000	2.2	2.2	2.2	2.2	2.2	
6000	2.2	2.2	2.2	2.2	2.2	
7000	2.2	2.2	2.2	2.2	2.2	
					
double tab4(10,6) # 40degC 18.0e-6m^2/s					
0	0	500	1000	1800	3000
500	2.2	2.2	2.2	2.2	2.2	
1000	2.2	2.2	2.2	2.2	2.2	
1500	2.2	2.2	2.2	2.2	2.2	
2000	2.2	2.2	2.2	2.2	2.2	
2500	2.2	2.2	2.2	2.2	2.2	
3000	2.2	2.2	2.2	2.2	2.2	
5000	2.2	2.2	2.2	2.2	2.2	
6000	2.2	2.2	2.2	2.2	2.2	
7000	2.2	2.2	2.2	2.2	2.2	
					
double tab5(10,6) # 20degC 39.4e-6m^2/s					
0	0	500	1000	1800	3000
500	2.2	2.2	2.2	2.2	2.2	
1000	2.2	2.2	2.2	2.2	2.2	
1500	2.2	2.2	2.2	2.2	2.2	
2000	2.2	2.2	2.2	2.2	2.2	
2500	2.2	2.2	2.2	2.2	2.2	
3000	2.2	2.2	2.2	2.2	2.2	
5000	2.2	2.2	2.2	2.2	2.2	
6000	2.2	2.2	2.2	2.2	2.2	
7000	2.2	2.2	2.2	2.2	2.2	
